1 0.142090 0.202086 0.249023 0.140808
1 0.405762 0.209257 0.252930 0.144720
1 0.671387 0.209909 0.249023 0.153846
1 0.140137 0.369622 0.256836 0.149935
1 0.407715 0.368318 0.249023 0.147327
1 0.670410 0.367666 0.249023 0.140808
1 0.144043 0.531943 0.254883 0.148631
1 0.405273 0.534550 0.251953 0.146023
1 0.671875 0.526076 0.250000 0.147327
1 0.142090 0.689700 0.252930 0.148631
1 0.405762 0.689048 0.249023 0.147327
1 0.671387 0.687744 0.249023 0.144720
0 0.855957 0.196871 0.075195 0.093872
0 0.937012 0.194915 0.069336 0.095176
0 0.860840 0.300522 0.077148 0.087353
0 0.939453 0.300522 0.074219 0.089961
0 0.856445 0.405476 0.078125 0.096480
0 0.937500 0.405476 0.070312 0.101695
0 0.855469 0.507171 0.074219 0.091265
0 0.937500 0.503911 0.080078 0.092568
0 0.857422 0.609518 0.080078 0.087353
0 0.936523 0.611473 0.074219 0.093872
0 0.854492 0.709909 0.076172 0.084746
0 0.939941 0.709257 0.079102 0.093872
