0 0.431520 0.360983 0.097994 0.121142
0 0.363233 0.893647 0.109182 0.117027
0 0.774306 0.709362 0.077932 0.114712
0 0.882523 0.629501 0.078704 0.107253
0 0.860340 0.466049 0.097222 0.133745
0 0.729745 0.947145 0.094907 0.105710
1 0.678723 0.368570 0.208140 0.451132
2 0.262828 0.218493 0.382523 0.431842
2 0.220583 0.433385 0.326968 0.347222
2 0.277199 0.647119 0.347222 0.500514
1 0.141397 0.784336 0.276620 0.402006
2 0.478974 0.557742 0.192901 0.338735
1 0.045910 0.399048 0.091435 0.405093
1 0.871238 0.782022 0.252508 0.435957
1 0.905478 0.314429 0.189043 0.208076
1 0.932388 0.452675 0.135224 0.334362
1 0.583140 0.201903 0.290123 0.389918
1 0.317033 0.067644 0.185764 0.134774
