0 0.330000 0.075500 0.086250 0.091000
0 0.315625 0.165000 0.086250 0.100000
0 0.178750 0.304500 0.091250 0.121000
0 0.226875 0.365000 0.071250 0.098000
0 0.460938 0.405000 0.091875 0.132000
0 0.401875 0.498500 0.083750 0.115000
0 0.485000 0.518500 0.085000 0.103000
0 0.541562 0.151000 0.123125 0.142000
0 0.827812 0.244500 0.070625 0.107000
0 0.796875 0.267500 0.067500 0.097000
0 0.769375 0.388000 0.090000 0.138000
0 0.748750 0.467500 0.090000 0.127000
0 0.620938 0.426000 0.078125 0.112000
0 0.642500 0.527000 0.077500 0.136000
0 0.588750 0.615500 0.090000 0.127000
0 0.346875 0.822500 0.115000 0.151000
0 0.361563 0.909500 0.118125 0.139000
1 0.211250 0.699000 0.421250 0.602000
1 0.144687 0.774500 0.285625 0.451000
1 0.064687 0.207500 0.128125 0.407000
1 0.213438 0.202000 0.218125 0.394000
1 0.508125 0.323500 0.365000 0.435000
1 0.597812 0.138000 0.396875 0.274000
1 0.877188 0.293000 0.245625 0.570000
1 0.831562 0.453000 0.336875 0.392000
1 0.911563 0.779000 0.176875 0.442000
