0 0.303712 0.173333 0.074241 0.103333
0 0.367829 0.227500 0.080990 0.075000
0 0.473566 0.156667 0.085489 0.093333
0 0.488751 0.264167 0.070866 0.065000
0 0.525309 0.356667 0.087739 0.103333
0 0.588301 0.234167 0.076490 0.071667
0 0.601800 0.173333 0.083240 0.086667
0 0.679415 0.166667 0.080990 0.113333
0 0.686164 0.240000 0.087739 0.086667
0 0.155231 0.209167 0.069741 0.068333
0 0.127109 0.197500 0.062992 0.075000
0 0.128796 0.350833 0.059618 0.081667
0 0.093363 0.315000 0.053993 0.073333
0 0.159168 0.300000 0.059618 0.090000
0 0.654668 0.443333 0.080990 0.106667
0 0.727222 0.395833 0.086614 0.121667
0 0.768279 0.435833 0.069741 0.085000
0 0.788526 0.580000 0.116985 0.166667
0 0.891451 0.497500 0.086614 0.111667
0 0.925197 0.599167 0.102362 0.128333
0 0.691789 0.560833 0.089989 0.141667
0 0.751969 0.291667 0.086614 0.100000
2 0.336333 0.462500 0.355456 0.351667
1 0.425197 0.581667 0.623172 0.563333
1 0.189539 0.485000 0.343082 0.816667
1 0.271654 0.822500 0.388076 0.355000
