0 0.360918 0.130530 0.090664 0.110340
2 0.181713 0.117798 0.354552 0.232510
2 0.165123 0.273663 0.327932 0.268004
2 0.227045 0.488555 0.413194 0.528549
0 0.356867 0.733410 0.135802 0.171553
0 0.815008 0.139146 0.113426 0.131687
0 0.883391 0.293981 0.073110 0.087963
0 0.791763 0.390561 0.081211 0.120113
0 0.808256 0.686728 0.094907 0.114712
2 0.633005 0.161137 0.287616 0.315072
2 0.416377 0.329347 0.184221 0.315072
2 0.672357 0.284979 0.334298 0.324588
1 0.132234 0.705118 0.262153 0.442644
1 0.596836 0.803498 0.798997 0.393004
1 0.594811 0.690586 0.314236 0.246399
1 0.921779 0.397505 0.156443 0.791924
