0 0.768889 0.163333 0.131111 0.190000
0 0.803889 0.302500 0.132222 0.188333
0 0.886667 0.350000 0.111111 0.186667
0 0.791111 0.471667 0.111111 0.153333
0 0.835556 0.595000 0.133333 0.210000
0 0.842778 0.721667 0.143333 0.190000
0 0.732222 0.740833 0.120000 0.191667
0 0.706111 0.860000 0.145556 0.203333
1 0.240556 0.604167 0.478889 0.648333
1 0.300000 0.302500 0.595556 0.601667
2 0.591667 0.220000 0.201111 0.430000
2 0.601111 0.473333 0.233333 0.166667
2 0.596667 0.579167 0.255556 0.185000
2 0.558889 0.748333 0.213333 0.200000
2 0.536111 0.885833 0.156667 0.185000
