1 0.100937 0.106304 0.195625 0.205192
1 0.298438 0.106304 0.195625 0.205192
1 0.495937 0.103214 0.195625 0.203956
1 0.692813 0.103214 0.195625 0.203956
1 0.895312 0.103214 0.195625 0.203956
1 0.101562 0.302843 0.195625 0.205192
1 0.297187 0.313968 0.195625 0.205192
1 0.495312 0.310260 0.195625 0.205192
1 0.694688 0.304079 0.195625 0.205192
1 0.895312 0.304079 0.195625 0.205192
1 0.100937 0.510507 0.195625 0.205192
1 0.299063 0.505562 0.195625 0.205192
1 0.495937 0.506799 0.195625 0.205192
1 0.695937 0.505562 0.195625 0.205192
1 0.899687 0.516687 0.195625 0.205192
1 0.100937 0.708282 0.195625 0.205192
1 0.300938 0.695921 0.195625 0.205192
1 0.497812 0.703337 0.195625 0.205192
1 0.695312 0.702101 0.195625 0.205192
1 0.895312 0.702101 0.195625 0.205192
1 0.100937 0.897404 0.195625 0.205192
1 0.300938 0.897404 0.195625 0.205192
1 0.497188 0.897404 0.195625 0.205192
1 0.694063 0.892460 0.195625 0.205192
1 0.897188 0.897404 0.195625 0.205192
