1 0.114375 0.063125 0.226250 0.121250
1 0.354375 0.063750 0.253750 0.125000
1 0.113125 0.183750 0.223750 0.132500
1 0.351875 0.184375 0.251250 0.136250
1 0.606875 0.185625 0.251250 0.136250
1 0.860625 0.178125 0.251250 0.136250
1 0.608125 0.063125 0.253750 0.123750
1 0.864375 0.063125 0.253750 0.123750
1 0.241875 0.342500 0.433750 0.190000
1 0.241875 0.531250 0.433750 0.190000
1 0.729375 0.337500 0.433750 0.190000
1 0.729375 0.520000 0.433750 0.190000
1 0.230625 0.731250 0.433750 0.190000
1 0.724375 0.725000 0.433750 0.190000
1 0.231875 0.904375 0.433750 0.191250
1 0.728125 0.904375 0.433750 0.191250
