1 0.127152 0.101164 0.244914 0.193595
1 0.379108 0.096798 0.232394 0.184862
1 0.626369 0.106987 0.230829 0.202329
1 0.874022 0.101164 0.184664 0.193595
1 0.125587 0.300582 0.212050 0.190684
1 0.377934 0.298399 0.215962 0.197962
1 0.623239 0.298399 0.238654 0.186317
1 0.874022 0.299127 0.231612 0.205240
1 0.126369 0.501456 0.213615 0.193595
1 0.377152 0.502911 0.209703 0.205240
1 0.628326 0.502183 0.217527 0.209607
1 0.872066 0.503639 0.241784 0.200873
1 0.124804 0.697234 0.202660 0.195051
1 0.381847 0.704512 0.225352 0.197962
1 0.628326 0.707424 0.195618 0.203785
1 0.877152 0.703785 0.173709 0.184862
1 0.122848 0.891557 0.236307 0.190684
1 0.376369 0.902475 0.225352 0.195051
1 0.625978 0.898836 0.151800 0.187773
1 0.877934 0.900291 0.201878 0.199418
