2 0.221477 0.244776 0.210291 0.170149
2 0.704139 0.247761 0.213647 0.185075
2 0.861857 0.493284 0.209172 0.174627
2 0.624161 0.493284 0.212528 0.171642
2 0.166667 0.536567 0.205817 0.159701
2 0.379754 0.535821 0.202461 0.158209
2 0.327181 0.433582 0.206935 0.052239
2 0.104586 0.494030 0.206935 0.170149
2 0.100671 0.721642 0.196868 0.156716
2 0.272931 0.740299 0.205817 0.170149
2 0.262864 0.911940 0.212528 0.176119
2 0.677293 0.741045 0.204698 0.153731
2 0.850112 0.695522 0.205817 0.167164
2 0.704698 0.913433 0.203579 0.173134
