0 0.091563 0.103125 0.170625 0.170000
0 0.263437 0.105000 0.170625 0.170000
0 0.425000 0.100000 0.153750 0.158750
0 0.584375 0.098750 0.153750 0.158750
0 0.748750 0.100625 0.153750 0.158750
0 0.908125 0.098750 0.153750 0.158750
0 0.089063 0.276875 0.148125 0.150000
0 0.235937 0.280625 0.148125 0.150000
0 0.380937 0.266250 0.138125 0.147500
0 0.510938 0.266875 0.138125 0.147500
0 0.649062 0.263125 0.138125 0.147500
0 0.784687 0.267500 0.138125 0.147500
0 0.918438 0.266250 0.138125 0.147500
0 0.091250 0.430937 0.156250 0.146875
0 0.265625 0.436563 0.156250 0.146875
0 0.438750 0.436563 0.156250 0.146875
0 0.596875 0.435312 0.156250 0.146875
0 0.752500 0.430937 0.156250 0.146875
0 0.915625 0.430312 0.156250 0.146875
0 0.072813 0.574688 0.118125 0.121875
0 0.189688 0.574688 0.118125 0.121875
0 0.313750 0.581875 0.131250 0.123750
0 0.435312 0.590000 0.120625 0.123750
0 0.555937 0.578125 0.120625 0.123750
0 0.674687 0.585625 0.120625 0.123750
0 0.798438 0.585000 0.120625 0.123750
0 0.923438 0.576250 0.120625 0.123750
0 0.087500 0.740625 0.158750 0.165000
0 0.253125 0.748125 0.158750 0.165000
0 0.420625 0.751875 0.158750 0.165000
0 0.584375 0.744375 0.158750 0.165000
0 0.748750 0.734375 0.158750 0.165000
0 0.910000 0.737500 0.158750 0.165000
0 0.078437 0.905000 0.135625 0.133750
0 0.217188 0.916875 0.135625 0.133750
0 0.365625 0.916250 0.136250 0.133750
0 0.508125 0.904687 0.135000 0.138125
0 0.781875 0.900937 0.135000 0.138125
0 0.917500 0.905937 0.141250 0.146875
0 0.640000 0.914062 0.118750 0.134375
