0 0.080925 0.305000 0.122543 0.180000
0 0.252023 0.309167 0.221965 0.301667
0 0.398844 0.142500 0.182659 0.251667
0 0.443353 0.373333 0.183815 0.246667
0 0.580925 0.133333 0.160694 0.226667
0 0.652023 0.368333 0.196532 0.263333
0 0.772832 0.166667 0.158382 0.223333
0 0.822543 0.395000 0.163006 0.220000
0 0.926590 0.521667 0.126012 0.180000
0 0.101156 0.549167 0.193064 0.245000
0 0.327746 0.592500 0.216185 0.321667
0 0.546243 0.614167 0.225434 0.318333
0 0.749133 0.618333 0.187283 0.273333
0 0.897688 0.700000 0.135260 0.190000
0 0.161850 0.807500 0.196532 0.278333
0 0.332948 0.860833 0.175723 0.245000
0 0.490173 0.870833 0.154913 0.211667
0 0.671098 0.812500 0.151445 0.225000
0 0.822543 0.850833 0.160694 0.231667
