0 0.110625 0.142500 0.146250 0.147500
0 0.253125 0.136250 0.146250 0.147500
0 0.403125 0.135000 0.146250 0.147500
0 0.561250 0.133125 0.157500 0.166250
0 0.717500 0.133125 0.157500 0.166250
0 0.873750 0.133125 0.157500 0.166250
0 0.108750 0.319375 0.157500 0.166250
0 0.257500 0.323125 0.157500 0.166250
0 0.411250 0.321875 0.157500 0.166250
0 0.562500 0.320625 0.157500 0.166250
0 0.727500 0.325625 0.157500 0.166250
0 0.888750 0.326875 0.157500 0.166250
0 0.115000 0.508750 0.150000 0.142500
0 0.273750 0.513125 0.162500 0.156250
0 0.428750 0.515625 0.162500 0.156250
0 0.588750 0.508125 0.162500 0.156250
0 0.748750 0.516875 0.162500 0.156250
0 0.898125 0.512500 0.151250 0.162500
0 0.116250 0.685625 0.152500 0.151250
0 0.271875 0.690625 0.151250 0.148750
0 0.430625 0.685625 0.151250 0.138750
0 0.578750 0.683125 0.150000 0.158750
0 0.730625 0.678125 0.148750 0.148750
0 0.893750 0.679375 0.145000 0.146250
0 0.120000 0.858125 0.152500 0.151250
0 0.273750 0.854375 0.152500 0.151250
0 0.425000 0.859375 0.152500 0.151250
0 0.582500 0.858125 0.152500 0.151250
0 0.735000 0.858125 0.152500 0.151250
0 0.887500 0.858125 0.152500 0.151250
