0 0.126957 0.130214 0.229306 0.222097
0 0.365772 0.133033 0.225951 0.234498
0 0.594519 0.125705 0.218121 0.226607
0 0.822707 0.125705 0.218121 0.226607
0 0.135906 0.369786 0.206935 0.209696
0 0.360179 0.373732 0.223714 0.222097
0 0.593960 0.361330 0.223714 0.222097
0 0.822148 0.370349 0.223714 0.222097
0 0.135347 0.601466 0.223714 0.222097
0 0.364653 0.608230 0.223714 0.222097
0 0.607383 0.610485 0.223714 0.222097
0 0.846756 0.609357 0.223714 0.222097
0 0.146532 0.846110 0.223714 0.222097
0 0.382550 0.854002 0.223714 0.222097
0 0.608501 0.856257 0.223714 0.222097
0 0.856823 0.860767 0.223714 0.222097
